0.002293
0.012645
0.015962
0.026476
-0.004046
-0.012462
0.049569
-0.178064
0.067712
0.273231
-0.532006
0.262998
0.579660
-1.033545
-0.133795
-1.663503
-2.181447
-1.921818
-1.292172
4.339324
1.273552
1.940460
-0.927091
0.306930
-1.007275
-3.052560
-1.662182
-0.946131
3.944764
1.403067
2.057836
-1.002476
0.311579
-1.026690
-3.066515
-1.669472
-0.952092
3.944764
1.403067
2.057836
-1.002476
0.311579
-1.026690
-3.066515
-1.669472
-0.952092
3.944764
1.403067
2.057836
-1.002476
0.311579
-1.026690
-3.066515
-1.669472
-0.952092
3.944764
1.403067
2.057836
-1.002476
0.311579
-1.026690
-3.066515
-1.669472
-0.952092
3.944764
1.403067
2.057836
-1.002476
0.311579
-1.026690
-3.066515
-1.669472
-0.952092
3.944764
1.403067
2.057836
-1.002476
0.311579
-1.026690
-3.066515
-1.669472
-0.952092
3.944764
1.403067
2.057836
-1.002476
0.311579
-1.026690
-3.066515
-1.669472
-0.952092
3.944764
1.403067
2.057836
-1.002476
0.311579
-1.026690
-3.066515
-1.669472
-0.952092
3.944764
1.403067
2.057836
-1.002476
0.311579
-1.026690
-3.066515
-1.669472
-0.952092
3.944764
1.403067
2.057836
-1.002476
0.311579
-1.026690
-3.066515
-1.669472
-0.952092
3.944764
1.403067
2.057836
-1.002476
0.311579
-1.026690
-3.066515
-1.669472
-0.952092
3.944764
1.403067
2.057836
-1.002476
0.311579
-1.026690
-3.066515
-1.669472
-0.952092
3.944764
1.403067
2.057836
-1.002476
0.311579
-1.026690
-3.066515
-1.669472
-0.952092
3.944764
1.403067
2.057836
-1.002476
0.311579
-1.026690
-3.066515
-1.669472
-0.952092
3.944764
1.403067
2.057836
-1.002476
0.311579
-1.026690
-3.066515
-1.669472
-0.952092
3.944764
1.403067
2.057836
-1.002476
0.311579
-1.026690
-3.066515
-1.669472
-0.952092
3.944764
1.403067
2.057836
-1.002476
0.311579
-1.026690
-3.066515
-1.669472
-0.952092
3.944764
1.403067
2.057836
-1.002476
0.311579
-1.026690
-3.066515
-1.669472
-0.952092
3.944764
1.403067
2.057836
-1.002476
0.311579
-1.026690
-3.066515
-1.669472
-0.952092
3.944764
1.403067
2.057836
-1.002476
0.311579
-1.026690
-3.066515
-1.669472
-0.952092
3.944764
1.403067
2.057836
-1.002476
0.311579
-1.026690
-3.066515
-1.669472
-0.952092
3.944764
1.403067
2.057836
-1.002476
0.311579
-1.026690
-3.066515
-1.669472
-0.952092
3.944764
1.403067
2.057836
-1.002476
0.311579
-1.026690
-3.066515
-1.669472
-0.952092
3.944764
1.403067
2.057836
-1.002476
0.311579
-1.026690
-3.066515
-1.669472
-0.952092
3.944764
1.403067
2.057836
-1.002476
0.311579
-1.026690
-3.066515
-1.669472
-0.952092
3.944764
1.403067
2.057836
-1.002476
0.311579
-1.026690
-3.066515
-1.669472
-0.952092
3.944764
1.403067
2.057836
-1.002476
0.311579
-1.026690
-3.066515
-1.669472
-0.952092
3.944764
1.403067
2.057836
-1.002476
0.311579
-1.026690
-3.066515
-1.669472
-0.952092
3.944764
1.403067
2.057836
-1.002476
0.311579
-1.026690
-3.066515
-1.669472
-0.952092
3.944764
1.403067
2.057836
-1.002476
0.311579
-1.026690
-3.066515
-1.669472
-0.952092
3.944764
1.403067
2.057836
-1.002476
0.311579
-1.026690
-3.066515
-1.669472
-0.952092
3.944764
1.403067
2.057836
-1.002476
0.311579
-1.026690
-3.066515
-1.669472
-0.952092
3.944764
1.403067
2.057836
-1.002476
0.311579
-1.026690
-3.066515
-1.669472
-0.952092
3.944764
1.403067
2.057836
-1.002476
0.311579
-1.026690
-3.066515
-1.669472
-0.952092
3.944764
1.403067
2.057836
-1.002476
0.311579
-1.026690
-3.066515
-1.669472
-0.952092
3.944764
1.403067
2.057836
-1.002476
0.311579
-1.026690
-3.066515
-1.669472
-0.952092
3.944764
1.403067
2.057836
-1.002476
0.311579
-1.026690
-3.066515
-1.669472
-0.952092
3.944764
1.403067
2.057836
-1.002476
0.311579
-1.026690
-3.066515
-1.669472
-0.952092
3.944764
1.403067
2.057836
-1.002476
0.311579
-1.026690
-3.066515
-1.669472
-0.952092
3.944764
1.403067
2.057836
-1.002476
0.311579
-1.026690
-3.066515
-1.669472
-0.952092
3.944764
1.403067
2.057836
-1.002476
0.311579
-1.026690
-3.066515
-1.669472
-0.952092
3.944764
1.403067
2.057836
-1.002476
0.311579
-1.026690
-3.066515
-1.669472
-0.952092
3.944764
1.403067
2.057836
-1.002476
0.311579
-1.026690
-3.066515
-1.669472
-0.952092
3.944764
1.403067
2.057836
-1.002476
0.311579
-1.026690
-3.066515
-1.669472
-0.952092
3.944764
1.403067
2.057836
-1.002476
0.311579
-1.026690
-3.066515
-1.669472
-0.952092
3.944764
1.403067
2.057836
-1.002476
0.311579
-1.026690
-3.066515
-1.669472
-0.952092
3.944764
1.403067
2.057836
-1.002476
0.311579
-1.026690
-3.066515
-1.669472
-0.952092
3.944764
1.403067
2.057836
-1.002476
0.311579
-1.026690
-3.066515
-1.669472
-0.952092
3.944764
1.403067
2.057836
-1.002476
0.311579
-1.026690
-3.066515
-1.669472
-0.952092
3.944764
1.403067
2.057836
-1.002476
0.311579
-1.026690
-3.066515
-1.669472
-0.952092
3.944764
1.403067
2.057836
-1.002476
0.311579
-1.026690
-3.066515
-1.669472
-0.952092
3.944764
1.403067
2.057836
-1.002476
0.311579
-1.026690
-3.066515
-1.669472
-0.952092
3.944764
1.403067
2.057836
-1.002476
0.311579
-1.026690
-3.066515
-1.669472
-0.952092
3.944764
1.403067
2.057836
-1.002476
0.311579
-1.026690
-3.066515
-1.669472
-0.952092
3.944764
1.403067
2.057836
-1.002476
0.311579
-1.026690
-3.066515
-1.669472
-0.952092
3.944764
1.403067
2.057836
-1.002476
0.311579
-1.026690
-3.066515
-1.669472
-0.952092
3.944764
1.403067
2.057836
-1.002476
0.311579
-1.026690
-3.066515
-1.669472
-0.952092
3.944764
1.403067
2.057836
-1.002476
0.311579
-1.026690
-3.066515
-1.669472
-0.952092
3.944764
1.403067
2.057836
-1.002476
0.311579
-1.026690
-3.066515
-1.669472
-0.952092
3.944764
1.403067
2.057836
-1.002476
0.311579
-1.026690
-3.066515
-1.669472
-0.952092
3.944764
1.403067
2.057836
-1.002476
0.311579
-1.026690
-3.066515
-1.669472
-0.952092
3.944764
1.403067
2.057836
-1.002476
0.311579
-1.026690
-3.066515
-1.669472
-0.952092
3.944764
1.403067
2.057836
-1.002476
0.311579
-1.026690
-3.066515
-1.669472
-0.952092
3.944764
1.403067
2.057836
-1.002476
0.311579
-1.026690
-3.066515
-1.669472
-0.952092
3.944764
1.403067
2.057836
-1.002476
0.311579
-1.026690
-3.066515
-1.669472
-0.952092
3.944764
1.403067
2.057836
-1.002476
0.311579
-1.026690
-3.066515
-1.669472
-0.952092
3.944764
1.403067
2.057836
-1.002476
0.311579
-1.026690
-3.066515
-1.669472
-0.952092
3.944764
1.403067
2.057836
-1.002476
0.311579
-1.026690
-3.066515
-1.669472
-0.952092
3.944764
1.403067
2.057836
-1.002476
0.311579
-1.026690
-3.066515
-1.669472
-0.952092
3.944764
1.403067
2.057836
-1.002476
0.311579
-1.026690
-3.066515
-1.669472
-0.952092
3.944764
1.403067
2.057836
-1.002476
0.311579
-1.026690
-3.066515
-1.669472
-0.952092
3.944764
1.403067
2.057836
-1.002476
0.311579
-1.026690
-3.066515
-1.669472
-0.952092
3.944764
1.403067
2.057836
-1.002476
0.311579
-1.026690
-3.066515
-1.669472
-0.952092
3.944764
1.403067
2.057836
-1.002476
0.311579
-1.026690
-3.066515
-1.669472
-0.952092
3.944764
1.403067
2.057836
-1.002476
0.311579
-1.026690
-3.066515
-1.669472
-0.952092
3.944764
1.403067
2.057836
-1.002476
0.311579
-1.026690
-3.066515
-1.669472
-0.952092
3.944764
1.403067
2.057836
-1.002476
0.311579
-1.026690
-3.066515
-1.669472
-0.952092
3.944764
1.403067
2.057836
-1.002476
0.311579
-1.026690
-3.066515
-1.669472
-0.952092
3.944764
1.403067
2.057836
-1.002476
0.311579
-1.026690
-3.066515
-1.669472
-0.952092
3.944764
1.403067
2.057836
-1.002476
0.311579
-1.026690
-3.066515
-1.669472
-0.952092
3.944764
1.403067
2.057836
-1.002476
0.311579
-1.026690
-3.066515
-1.669472
-0.952092
3.944764
1.403067
2.057836
-1.002476
0.311579
-1.026690
-3.066515
-1.669472
-0.952092
3.944764
1.403067
2.057836
-1.002476
0.311579
-1.026690
-3.066515
-1.669472
-0.952092
3.944764
1.403067
2.057836
-1.002476
0.311579
-1.026690
-3.066515
-1.669472
-0.952092
3.944764
1.403067
2.057836
-1.002476
0.311579
-1.026690
-3.066515
-1.669472
-0.952092
3.944764
1.403067
2.057836
-1.002476
0.311579
-1.026690
-3.066515
-1.669472
-0.952092
3.944764
1.403067
2.057836
-1.002476
0.311579
-1.026690
-3.066515
-1.669472
-0.952092
3.944764
1.403067
2.057836
-1.002476
0.311579
-1.026690
-3.066515
-1.669472
-0.952092
3.944764
1.403067
2.057836
-1.002476
0.311579
-1.026690
-3.066515
-1.669472
-0.952092
3.944764
1.403067
2.057836
-1.002476
0.311579
-1.026690
-3.066515
-1.669472
-0.952092
3.944764
1.403067
2.057836
-1.002476
0.311579
-1.026690
-3.066515
-1.669472
-0.952092
3.944764
1.403067
2.057836
-1.002476
0.311579
-1.026690
-3.066515
-1.669472
-0.952092
3.944764
1.403067
2.057836
-1.002476
0.311579
-1.026690
-3.066515
-1.669472
-0.952092
3.944764
1.403067
2.057836
-1.002476
0.311579
-1.026690
-3.066515
-1.669472
-0.952092
3.944764
1.403067
2.057836
-1.002476
0.311579
-1.026690
-3.066515
-1.669472
-0.952092
3.944764
1.403067
2.057836
-1.002476
0.311579
-1.026690
-3.066515
-1.669472
-0.952092
3.944764
1.403067
2.057836
-1.002476
0.311579
-1.026690
-3.066515
-1.669472
-0.954385
3.932118
1.387105
2.031361
-0.998430
0.324041
-1.076259
-2.888451
-1.737184
-1.225323
4.476770
1.140068
1.478177
0.031069
0.445374
0.636813
-0.885069
0.252346
0.340080
-0.394560
0.129515
0.117376
-0.075385
0.004650
-0.019415
-0.013955
-0.007290
-0.005961
