0.000000
-0.012320
0.005690
-0.008664
0.010543
0.027291
0.034396
-0.013837
-0.057159
-0.080567
0.089291
0.231851
-0.064280
-0.423377
-0.125836
-1.396717
0.481833
-2.573119
0.060060
0.304651
0.280697
-0.836199
3.637445
-0.721578
-0.810915
1.197720
-2.750406
-0.503259
0.235463
0.583415
-0.703113
3.525638
-0.780442
-0.802974
1.185262
-2.770792
-0.472458
0.235463
0.583415
-0.703113
3.525638
-0.780442
-0.802974
1.185262
-2.770792
-0.472458
0.235463
0.583415
-0.703113
3.525638
-0.780442
-0.802974
1.185262
-2.770792
-0.472458
0.235463
0.583415
-0.703113
3.525638
-0.780442
-0.802974
1.185262
-2.770792
-0.472458
0.235463
0.583415
-0.703113
3.525638
-0.780442
-0.802974
1.185262
-2.770792
-0.472458
0.235463
0.583415
-0.703113
3.525638
-0.780442
-0.802974
1.185262
-2.770792
-0.472458
0.235463
0.583415
-0.703113
3.525638
-0.780442
-0.802974
1.185262
-2.770792
-0.472458
0.235463
0.583415
-0.703113
3.525638
-0.780442
-0.802974
1.185262
-2.770792
-0.472458
0.235463
0.583415
-0.703113
3.525638
-0.780442
-0.802974
1.185262
-2.770792
-0.472458
0.235463
0.583415
-0.703113
3.525638
-0.780442
-0.802974
1.185262
-2.770792
-0.472458
0.235463
0.583415
-0.703113
3.525638
-0.780442
-0.802974
1.185262
-2.770792
-0.472458
0.235463
0.583415
-0.703113
3.525638
-0.780442
-0.802974
1.185262
-2.770792
-0.472458
0.235463
0.583415
-0.703113
3.525638
-0.780442
-0.802974
1.185262
-2.770792
-0.472458
0.235463
0.583415
-0.703113
3.525638
-0.780442
-0.802974
1.185262
-2.770792
-0.472458
0.235463
0.583415
-0.703113
3.525638
-0.780442
-0.802974
1.185262
-2.770792
-0.472458
0.235463
0.583415
-0.703113
3.525638
-0.780442
-0.802974
1.185262
-2.770792
-0.472458
0.235463
0.583415
-0.703113
3.525638
-0.780442
-0.802974
1.185262
-2.770792
-0.472458
0.235463
0.583415
-0.703113
3.525638
-0.780442
-0.802974
1.185262
-2.770792
-0.472458
0.235463
0.583415
-0.703113
3.525638
-0.780442
-0.802974
1.185262
-2.770792
-0.472458
0.235463
0.583415
-0.703113
3.525638
-0.780442
-0.802974
1.185262
-2.770792
-0.472458
0.235463
0.583415
-0.703113
3.525638
-0.780442
-0.802974
1.185262
-2.770792
-0.472458
0.235463
0.583415
-0.703113
3.525638
-0.780442
-0.802974
1.185262
-2.770792
-0.472458
0.235463
0.583415
-0.703113
3.525638
-0.780442
-0.802974
1.185262
-2.770792
-0.472458
0.235463
0.583415
-0.703113
3.525638
-0.780442
-0.802974
1.185262
-2.770792
-0.472458
0.235463
0.583415
-0.703113
3.525638
-0.780442
-0.802974
1.185262
-2.770792
-0.472458
0.235463
0.583415
-0.703113
3.525638
-0.780442
-0.802974
1.185262
-2.770792
-0.472458
0.235463
0.583415
-0.703113
3.525638
-0.780442
-0.802974
1.185262
-2.770792
-0.472458
0.235463
0.583415
-0.703113
3.525638
-0.780442
-0.802974
1.185262
-2.770792
-0.472458
0.235463
0.583415
-0.703113
3.525638
-0.780442
-0.802974
1.185262
-2.770792
-0.472458
0.235463
0.583415
-0.703113
3.525638
-0.780442
-0.802974
1.185262
-2.770792
-0.472458
0.235463
0.583415
-0.703113
3.525638
-0.780442
-0.802974
1.185262
-2.770792
-0.472458
0.235463
0.583415
-0.703113
3.525638
-0.780442
-0.802974
1.185262
-2.770792
-0.472458
0.235463
0.583415
-0.703113
3.525638
-0.780442
-0.802974
1.185262
-2.770792
-0.472458
0.235463
0.583415
-0.703113
3.525638
-0.780442
-0.802974
1.185262
-2.770792
-0.472458
0.235463
0.583415
-0.703113
3.525638
-0.780442
-0.802974
1.185262
-2.770792
-0.472458
0.235463
0.583415
-0.703113
3.525638
-0.780442
-0.802974
1.185262
-2.770792
-0.472458
0.235463
0.583415
-0.703113
3.525638
-0.780442
-0.802974
1.185262
-2.770792
-0.472458
0.235463
0.583415
-0.703113
3.525638
-0.780442
-0.802974
1.185262
-2.770792
-0.472458
0.235463
0.583415
-0.703113
3.525638
-0.780442
-0.802974
1.185262
-2.770792
-0.472458
0.235463
0.583415
-0.703113
3.525638
-0.780442
-0.802974
1.185262
-2.770792
-0.472458
0.235463
0.583415
-0.703113
3.525638
-0.780442
-0.802974
1.185262
-2.770792
-0.472458
0.235463
0.583415
-0.703113
3.525638
-0.780442
-0.802974
1.185262
-2.770792
-0.472458
0.235463
0.583415
-0.703113
3.525638
-0.780442
-0.802974
1.185262
-2.770792
-0.472458
0.235463
0.583415
-0.703113
3.525638
-0.780442
-0.802974
1.185262
-2.770792
-0.472458
0.235463
0.583415
-0.703113
3.525638
-0.780442
-0.802974
1.185262
-2.770792
-0.472458
0.235463
0.583415
-0.703113
3.525638
-0.780442
-0.802974
1.185262
-2.770792
-0.472458
0.235463
0.583415
-0.703113
3.525638
-0.780442
-0.802974
1.185262
-2.770792
-0.472458
0.235463
0.583415
-0.703113
3.525638
-0.780442
-0.802974
1.185262
-2.770792
-0.472458
0.235463
0.583415
-0.703113
3.525638
-0.780442
-0.802974
1.185262
-2.770792
-0.472458
0.235463
0.583415
-0.703113
3.525638
-0.780442
-0.802974
1.185262
-2.770792
-0.472458
0.235463
0.583415
-0.703113
3.525638
-0.780442
-0.802974
1.185262
-2.770792
-0.472458
0.235463
0.583415
-0.703113
3.525638
-0.780442
-0.802974
1.185262
-2.770792
-0.472458
0.235463
0.583415
-0.703113
3.525638
-0.780442
-0.802974
1.185262
-2.770792
-0.472458
0.235463
0.583415
-0.703113
3.525638
-0.780442
-0.802974
1.185262
-2.770792
-0.472458
0.235463
0.583415
-0.703113
3.525638
-0.780442
-0.802974
1.185262
-2.770792
-0.472458
0.235463
0.583415
-0.703113
3.525638
-0.780442
-0.802974
1.185262
-2.770792
-0.472458
0.235463
0.583415
-0.703113
3.525638
-0.780442
-0.802974
1.185262
-2.770792
-0.472458
0.235463
0.583415
-0.703113
3.525638
-0.780442
-0.802974
1.185262
-2.770792
-0.472458
0.235463
0.583415
-0.703113
3.525638
-0.780442
-0.802974
1.185262
-2.770792
-0.472458
0.235463
0.583415
-0.703113
3.525638
-0.780442
-0.802974
1.185262
-2.770792
-0.472458
0.235463
0.583415
-0.703113
3.525638
-0.780442
-0.802974
1.185262
-2.770792
-0.472458
0.235463
0.583415
-0.703113
3.525638
-0.780442
-0.802974
1.185262
-2.770792
-0.472458
0.235463
0.583415
-0.703113
3.525638
-0.780442
-0.802974
1.185262
-2.770792
-0.472458
0.235463
0.583415
-0.703113
3.525638
-0.780442
-0.802974
1.185262
-2.770792
-0.472458
0.235463
0.583415
-0.703113
3.525638
-0.780442
-0.802974
1.185262
-2.770792
-0.472458
0.235463
0.583415
-0.703113
3.525638
-0.780442
-0.802974
1.185262
-2.770792
-0.472458
0.235463
0.583415
-0.703113
3.525638
-0.780442
-0.802974
1.185262
-2.770792
-0.472458
0.235463
0.583415
-0.703113
3.525638
-0.780442
-0.802974
1.185262
-2.770792
-0.472458
0.235463
0.583415
-0.703113
3.525638
-0.780442
-0.802974
1.185262
-2.770792
-0.472458
0.235463
0.583415
-0.703113
3.525638
-0.780442
-0.802974
1.185262
-2.770792
-0.472458
0.235463
0.583415
-0.703113
3.525638
-0.780442
-0.802974
1.185262
-2.770792
-0.472458
0.235463
0.583415
-0.703113
3.525638
-0.780442
-0.802974
1.185262
-2.770792
-0.472458
0.235463
0.583415
-0.703113
3.525638
-0.780442
-0.802974
1.185262
-2.770792
-0.472458
0.235463
0.583415
-0.703113
3.525638
-0.780442
-0.802974
1.185262
-2.770792
-0.472458
0.235463
0.583415
-0.703113
3.525638
-0.780442
-0.802974
1.185262
-2.770792
-0.472458
0.235463
0.583415
-0.703113
3.525638
-0.780442
-0.802974
1.185262
-2.770792
-0.472458
0.235463
0.583415
-0.703113
3.525638
-0.780442
-0.802974
1.185262
-2.770792
-0.472458
0.235463
0.583415
-0.703113
3.525638
-0.780442
-0.802974
1.185262
-2.770792
-0.472458
0.235463
0.583415
-0.703113
3.525638
-0.780442
-0.802974
1.185262
-2.770792
-0.472458
0.235463
0.583415
-0.703113
3.525638
-0.780442
-0.802974
1.185262
-2.770792
-0.472458
0.235463
0.583415
-0.703113
3.525638
-0.780442
-0.802974
1.185262
-2.770792
-0.472458
0.235463
0.583415
-0.703113
3.525638
-0.780442
-0.802974
1.185262
-2.770792
-0.472458
0.235463
0.583415
-0.703113
3.525638
-0.780442
-0.802974
1.185262
-2.770792
-0.472458
0.235463
0.583415
-0.703113
3.525638
-0.780442
-0.802974
1.185262
-2.770792
-0.472458
0.235463
0.583415
-0.703113
3.525638
-0.780442
-0.802974
1.185262
-2.770792
-0.472458
0.235463
0.583415
-0.703113
3.525638
-0.780442
-0.802974
1.185262
-2.770792
-0.472458
0.235463
0.583415
-0.703113
3.525638
-0.780442
-0.802974
1.185262
-2.770792
-0.472458
0.235463
0.583415
-0.703113
3.525638
-0.780442
-0.802974
1.185262
-2.770792
-0.472458
0.235463
0.583415
-0.703113
3.525638
-0.780442
-0.802974
1.185262
-2.770792
-0.472458
0.235463
0.583415
-0.703113
3.525638
-0.780442
-0.802974
1.185262
-2.770792
-0.472458
0.235463
0.583415
-0.703113
3.525638
-0.780442
-0.802974
1.185262
-2.770792
-0.472458
0.235463
0.583415
-0.703113
3.525638
-0.780442
-0.802974
1.185262
-2.770792
-0.472458
0.235463
0.583415
-0.703113
3.525638
-0.780442
-0.802974
1.185262
-2.770792
-0.472458
0.235463
0.583415
-0.703113
3.525638
-0.780442
-0.802974
1.185262
-2.770792
-0.472458
0.235463
0.583415
-0.703113
3.525638
-0.780442
-0.802974
1.185262
-2.770792
-0.472458
0.235463
0.583415
-0.703113
3.525638
-0.780442
-0.802974
1.185262
-2.770792
-0.472458
0.235463
0.583415
-0.703113
3.525638
-0.780442
-0.802974
1.185262
-2.770792
-0.472458
0.247783
0.577725
-0.694450
3.515094
-0.807733
-0.837370
1.199100
-2.713633
-0.391891
0.146172
0.351564
-0.638833
3.949015
-0.654606
0.593743
0.703429
-0.197673
-0.532518
-0.069189
0.302719
0.133086
-0.111807
-0.058864
0.007941
-0.012457
-0.020386
0.030801
